[gd_scene load_steps=21 format=3 uid="uid://b5wkmvwm7um16"]

[ext_resource type="PackedScene" uid="uid://cpa41rxcvp3p1" path="res://scenes/Room.tscn" id="1_3xsji"]
[ext_resource type="PackedScene" uid="uid://fajiqsv35d4p" path="res://rooms/Adventure/Tree.tscn" id="2_od42l"]
[ext_resource type="Script" path="res://rooms/Adventure/Bow.gd" id="3_gxru2"]
[ext_resource type="PackedScene" uid="uid://c8l60rnugru40" path="res://addons/godot-xr-tools/objects/pickable.tscn" id="3_n1f2g"]
[ext_resource type="PackedScene" uid="uid://ey28j5bubo5p" path="res://rooms/Adventure/arrow.tscn" id="5_7gqxr"]

[sub_resource type="StandardMaterial3D" id="StandardMaterial3D_dhvkn"]
albedo_color = Color(0.470588, 0.921569, 1, 1)

[sub_resource type="CylinderMesh" id="CylinderMesh_rfpm3"]
material = SubResource("StandardMaterial3D_dhvkn")
top_radius = 0.4
bottom_radius = 0.1
height = 1.0

[sub_resource type="CylinderShape3D" id="CylinderShape3D_pbryl"]
height = 1.0
radius = 0.4

[sub_resource type="BoxMesh" id="BoxMesh_n2w0i"]
size = Vector3(0.123, 0.481, 0.059)

[sub_resource type="StandardMaterial3D" id="StandardMaterial3D_uys04"]
albedo_color = Color(0.611765, 0.435294, 0.329412, 1)

[sub_resource type="BoxMesh" id="BoxMesh_3ln4y"]
size = Vector3(0.103, 0.56, 0.059)

[sub_resource type="StandardMaterial3D" id="StandardMaterial3D_gdryr"]
albedo_color = Color(0.611765, 0.435294, 0.329412, 1)

[sub_resource type="BoxMesh" id="BoxMesh_lw13m"]
size = Vector3(0.108, 0.62, 0.075)

[sub_resource type="StandardMaterial3D" id="StandardMaterial3D_gbcg0"]
albedo_color = Color(0.611765, 0.435294, 0.329412, 1)

[sub_resource type="CylinderShape3D" id="CylinderShape3D_xvr85"]
height = 0.8
radius = 0.12

[sub_resource type="CylinderShape3D" id="CylinderShape3D_80l8d"]
height = 1.2
radius = 0.1

[sub_resource type="CylinderMesh" id="CylinderMesh_bsc1e"]
top_radius = 0.03
bottom_radius = 0.03
height = 1.3

[sub_resource type="PlaneMesh" id="PlaneMesh_1c2y4"]
size = Vector2(100, 100)

[sub_resource type="StandardMaterial3D" id="StandardMaterial3D_xqvdg"]
albedo_color = Color(0.0745098, 0.427451, 0.0823529, 1)

[sub_resource type="WorldBoundaryShape3D" id="WorldBoundaryShape3D_pg05n"]

[node name="Woods Room" instance=ExtResource("1_3xsji")]

[node name="Tree" parent="." index="0" instance=ExtResource("2_od42l")]
transform = Transform3D(1, 0, 0, 0, 1, 0, 0, 0, 1, -8.31065, 0, 0)

[node name="Tree2" parent="." index="1" instance=ExtResource("2_od42l")]
transform = Transform3D(1, 0, 0, 0, 1, 0, 0, 0, 1, 0, 0, 4.06144)

[node name="Tree3" parent="." index="2" instance=ExtResource("2_od42l")]
transform = Transform3D(1, 0, 0, 0, 1, 0, 0, 0, 1, -0.733593, 0, -1.81103)

[node name="StaticBody3D" type="StaticBody3D" parent="." index="3"]
transform = Transform3D(1, 0, 0, 0, 1, 0, 0, 0, 1, 0.329724, 0.501645, -1.23991)
collision_layer = 4
collision_mask = 0

[node name="MeshInstance3D" type="MeshInstance3D" parent="StaticBody3D" index="0"]
mesh = SubResource("CylinderMesh_rfpm3")

[node name="CollisionShape3D" type="CollisionShape3D" parent="StaticBody3D" index="1"]
shape = SubResource("CylinderShape3D_pbryl")

[node name="Bow" type="Node3D" parent="." index="4"]
transform = Transform3D(1, 0, 0, 0, -4.37114e-08, -1, 0, 1, -4.37114e-08, 0.185199, 1.07437, -1.43009)
script = ExtResource("3_gxru2")
arrow_scene = ExtResource("5_7gqxr")

[node name="Grip" parent="Bow" index="0" instance=ExtResource("3_n1f2g")]
transform = Transform3D(0.999306, -0.0372121, 0.0017692, 0.0372121, 0.999307, 3.29242e-05, -0.0017692, 3.29344e-05, 0.999998, 0, 0, 0)
mass = 4.0

[node name="MeshInstance3D" type="MeshInstance3D" parent="Bow/Grip" index="1"]
transform = Transform3D(1, 0, 0, 0, 1, 1.11759e-08, 0, 0, 1, 0, 0.341204, -1.19209e-07)
mesh = SubResource("BoxMesh_n2w0i")
skeleton = NodePath("")
surface_material_override/0 = SubResource("StandardMaterial3D_uys04")

[node name="MeshInstance3D2" type="MeshInstance3D" parent="Bow/Grip" index="2"]
transform = Transform3D(0.810614, 0.58558, 0, -0.58558, 0.810614, 1.11759e-08, 0, -1.86265e-09, 1, 0.157434, 0.753878, -0.0027101)
mesh = SubResource("BoxMesh_3ln4y")
skeleton = NodePath("")
surface_material_override/0 = SubResource("StandardMaterial3D_gdryr")

[node name="MeshInstance3D3" type="MeshInstance3D" parent="Bow/Grip" index="3"]
transform = Transform3D(0.678378, -0.734713, 0, 0.734713, 0.678378, 1.11759e-08, -3.72529e-09, 0, 1, 0.183629, -0.103866, 0)
mesh = SubResource("BoxMesh_lw13m")
skeleton = NodePath("")
surface_material_override/0 = SubResource("StandardMaterial3D_gbcg0")

[node name="CollisionShape3D2" type="CollisionShape3D" parent="Bow/Grip" index="4"]
transform = Transform3D(1, 0, 0, 0, 1, 2.23517e-08, 0, 0, 1, -0.0347171, 0.318461, 0)
shape = SubResource("CylinderShape3D_xvr85")

[node name="String" parent="Bow/Grip" index="5" instance=ExtResource("3_n1f2g")]
transform = Transform3D(0.999273, 0.000888162, -0.0381398, -0.0381237, 0.0604898, -0.997441, 0.00142114, 0.99817, 0.0604796, 0.360101, 0.335562, -0.0159544)
gravity_scale = 0.0

[node name="CollisionShape3D2" type="CollisionShape3D" parent="Bow/Grip/String" index="1"]
transform = Transform3D(1, 0, 0, 0, 0.04749, 0.998872, 0, -0.998872, 0.04749, 0, 0, 0)
shape = SubResource("CylinderShape3D_80l8d")

[node name="MeshInstance3D" type="MeshInstance3D" parent="Bow/Grip/String" index="2"]
transform = Transform3D(0.996704, -0.0810767, 0.0027886, 0.00100196, 0.0466745, 0.99891, -0.0811185, -0.995614, 0.0466019, 0, 0, 0)
mesh = SubResource("CylinderMesh_bsc1e")
skeleton = NodePath("")

[node name="Ground" type="StaticBody3D" parent="." index="5"]
collision_layer = 17

[node name="GroundMesh" type="MeshInstance3D" parent="Ground" index="0"]
mesh = SubResource("PlaneMesh_1c2y4")
skeleton = NodePath("../../..")
surface_material_override/0 = SubResource("StandardMaterial3D_xqvdg")

[node name="CollisionShape3D" type="CollisionShape3D" parent="Ground" index="1"]
transform = Transform3D(1, 0, 0, 0, 1, 0, 0, 0, 1, 0, -0.107559, 0)
shape = SubResource("WorldBoundaryShape3D_pg05n")

[node name="Arrow" parent="." index="6" instance=ExtResource("5_7gqxr")]
